{
 "metadata": {
  "language_info": {
   "codemirror_mode": {
    "name": "ipython",
    "version": 3
   },
   "file_extension": ".py",
   "mimetype": "text/x-python",
   "name": "python",
   "nbconvert_exporter": "python",
   "pygments_lexer": "ipython3",
   "version": "3.6.9-final"
  },
  "orig_nbformat": 2,
  "kernelspec": {
   "name": "python_defaultSpec_1599765069689",
   "display_name": "Python 3.6.9 64-bit ('env': venv)"
  }
 },
 "nbformat": 4,
 "nbformat_minor": 2,
 "cells": [
  {
   "cell_type": "code",
   "execution_count": 1,
   "metadata": {},
   "outputs": [],
   "source": [
    "import numpy as np\n",
    "import netwin as nw\n",
    "import os\n",
    "from scipy.integrate import odeint\n",
    "import matplotlib.pyplot as plt\n",
    "import networkx as nx"
   ]
  },
  {
   "cell_type": "code",
   "execution_count": 2,
   "metadata": {},
   "outputs": [],
   "source": [
    "g = nx.gnp_random_graph(5, 0.5)\n",
    "A = nx.adjacency_matrix(g)\n",
    "D = np.diag([g.degree[i] for i in range(5)])\n",
    "L = D - A\n",
    "L = np.array(L)"
   ]
  },
  {
   "cell_type": "code",
   "execution_count": 3,
   "metadata": {},
   "outputs": [],
   "source": [
    "def network_diffusion(p, t, theta):\n",
    "    L, k = theta\n",
    "    du = k * (np.matmul(-L, p))\n",
    "    return du\n",
    "\n",
    "def solve(f, p, t, theta):\n",
    "    return odeint(f, p, t, args=(theta,))\n",
    "\n",
    "def forward(f, u0, t, params): \n",
    "    p = u0[:-1]\n",
    "    theta = params, u0[-1]\n",
    "    #\n",
    "    # print(u0)\n",
    "    u = solve(f, p, t, theta) \n",
    "\n",
    "    return u.T "
   ]
  },
  {
   "cell_type": "code",
   "execution_count": 4,
   "metadata": {},
   "outputs": [],
   "source": [
    "    def setpriors(init_means):\n",
    "\n",
    "        m0 = np.zeros_like(init_means)\n",
    "        p0 = np.linalg.inv(np.diag(np.ones_like(m0) * 1e5))\n",
    "\n",
    "        beta_mean0 = 1.0\n",
    "        beta_var0  = 1000.0\n",
    "\n",
    "        c0 = beta_var0 / beta_mean0\n",
    "        s0 = beta_mean0**2 / beta_var0\n",
    "\n",
    "        priors = m0, p0, c0, s0\n",
    "\n",
    "        return priors\n",
    "\n",
    "    def initialise(init_means, priors):\n",
    "        if priors == None:\n",
    "            priors = setpriors(init_means)\n",
    "        \n",
    "        m = init_means\n",
    "        p = np.linalg.inv(np.diag(np.ones_like(m)))\n",
    "        #c = np.array([priors[2]])\n",
    "        #s = np.array([priors[3]])\n",
    "        c = np.array([1e-8])\n",
    "        s = np.array([50.0])\n",
    "        params = m, p, c, s\n",
    "        \n",
    "        return params, priors"
   ]
  },
  {
   "cell_type": "code",
   "execution_count": 5,
   "metadata": {},
   "outputs": [],
   "source": [
    "\"\"\" Scipt containing functions to implement variational inference using \n",
    "multivariate normal distribution and gamma distribution\n",
    "\"\"\"\n",
    "\n",
    "import numpy as np\n",
    "\n",
    "def time_step(theta): \n",
    "    \"\"\"Control time stepping interval proportional to the parameter magnitiude. \n",
    "\n",
    "    args: \n",
    "    theta:: float \n",
    "    \"\"\"\n",
    "\n",
    "    delta = theta * 1e-5\n",
    "    if delta.any() < 0:\n",
    "            delta = -delta\n",
    "    if delta.any() < 1e-10:\n",
    "            delta = 1e-10\n",
    "    \n",
    "    return delta\n",
    "\n",
    "def central_difference(f, i, theta, delta, t):\n",
    "    \"\"\" Calculate the derivate using a first order central difference approximation\n",
    "\n",
    "    args:\n",
    "        d : function \n",
    "            function on which to compute central difference \n",
    "        i : int \n",
    "            parameter index\n",
    "    theta : np.array float \n",
    "            array of paramters for function, f\n",
    "    delta : float \n",
    "            time-step for central difference\n",
    "        t : np.array float\n",
    "            time steps to evaluate at\n",
    "    returns: \n",
    "        df : np.array, float \n",
    "             first order approximation, df, for time steps, t\n",
    "    \"\"\"\n",
    "    dtheta = np.array(theta), np.array(theta)\n",
    "    dtheta[0][i] += delta\n",
    "    dtheta[1][i] -= delta\n",
    "    f_1 = f(f=network_diffusion, u0=dtheta[0], t=t, params=L) \n",
    "    f_2 = f(f=network_diffusion, u0=dtheta[1], t=t, params=L)\n",
    "    den = (2 * delta)\n",
    "    df = (f_1 - f_2) / den\n",
    "    return df\n",
    "\n",
    "def Jacobian(f, theta, t):\n",
    "    \"\"\"Compute the Jacobian for globally defined function, f, with parameter set Theta \n",
    "\n",
    "    args:\n",
    "    theta : np.array, float\n",
    "            parameters of global function, f\n",
    "        t : np.array, float \n",
    "            time steps to evaluate at\n",
    "\n",
    "    returns: \n",
    "        J : np.array, float\n",
    "            Jacobian vector/matrix evaluated at theta, t. \n",
    "    \"\"\"\n",
    "    J = None\n",
    "    #f_n = len(f)\n",
    "    p_n = len(theta)\n",
    "\n",
    "    for i in range(p_n):\n",
    "        delta = time_step(theta[i])\n",
    "        if J is None:\n",
    "                J = np.zeros([len(theta[:-1]) * len(t), len(theta)], dtype=np.float32)\n",
    "        df = central_difference(f, i, theta, delta, t)\n",
    "        J[:,i] = df.flatten()\n",
    "    \n",
    "    return J\n",
    "\n",
    "def parameter_update(error, params, priors, J):\n",
    "    \"\"\" Update forward model function parameters theta in accordance with the update equations above\n",
    "    \n",
    "    args: \n",
    "        error : array, float\n",
    "                vector of the difference between observations and model prediction \n",
    "       params : tuple\n",
    "                parameters values\n",
    "       priors : tuple \n",
    "                priors values\n",
    "            J : array, float \n",
    "                array of Jacbian values from the model given parameter updates (calculated above)\n",
    "    returns: \n",
    "       params : tuple\n",
    "                updated parameters values\n",
    "    \"\"\"\n",
    "    m, p, s, c = params\n",
    "    m0, p0, _, _ = priors\n",
    "\n",
    "    p_new = s*c*np.dot(J.transpose(), J) + p0\n",
    "    c_new = np.linalg.inv(p_new)\n",
    "    print(error.shape)\n",
    "    m_new = np.dot(c_new, (s * c * np.dot(J.transpose(), (error.flatten() +    np.dot(J, m))) + np.dot(p0, m0)))\n",
    "    \n",
    "    params[0][:], params[1][:] = m_new, p_new\n",
    "\n",
    "    return params\n",
    "\n",
    "def noise_update(error, data, params, priors, J):\n",
    "    \"\"\" Update forward model function parameters phi in accordance with the update equations above\n",
    "    \n",
    "    args: \n",
    "        error : array, float\n",
    "                vector of the difference between observations and model prediction \n",
    "       params : tuple\n",
    "                parameters values\n",
    "       priors : tuple \n",
    "                priors values\n",
    "            J : array, float \n",
    "                array of Jacbian values from the model given parameter updates (calculated above)\n",
    "    returns: \n",
    "       params : tuple\n",
    "                updated parameters values\n",
    "    \"\"\"\n",
    "    _, p, _, _ = params \n",
    "    _, _, s0, c0 = priors\n",
    "\n",
    "    N = len(data)\n",
    "    c = np.linalg.inv(p)\n",
    "    c_new = N/2 + c0\n",
    "    s_new = 1/(1/s0 + 1/2 * np.dot(error.flatten().transpose(), error.flatten()) + 1/2 * np.trace(np.dot(c, np.dot(J.transpose(), J))))\n",
    "    \n",
    "    params[2][:], params[3][:] = c_new, s_new\n",
    "\n",
    "    return params\n",
    "\n",
    "def error_update(y, f, theta, t):\n",
    "    \"\"\"Calculate difference between data and model with updated parameters\n",
    "\n",
    "    args:\n",
    "        y : array, float \n",
    "            vector of noisy data (observations)\n",
    "    theta : array, float\n",
    "            vector of parameter values for model, f\n",
    "        t : array, float \n",
    "            vector of time steps at which to evaluate model \n",
    "    \n",
    "    returns:\n",
    "    error : array, float \n",
    "            vector of difference between noisy data and updated model\n",
    "    \"\"\"\n",
    "\n",
    "    error = y - f(f=network_diffusion, u0=theta[0], t=t, params=L)\n",
    "    \n",
    "    return error\n",
    "\n",
    "def fit(f, data, params, priors, t, n): \n",
    "    \n",
    "    theta = np.zeros((n, len(params[0])))\n",
    "\n",
    "    for i in range(n):\n",
    "        theta[i,:] = params[0]\n",
    "\n",
    "        error = error_update(data, f, params, t)\n",
    "\n",
    "        J = Jacobian(f, params[0], t)\n",
    "        print(J.shape)\n",
    "        params = parameter_update(error, params, priors, J)\n",
    "        params = noise_update(error, data, params, priors, J)\n",
    "        print(params)\n",
    "    return params, theta"
   ]
  },
  {
   "cell_type": "code",
   "execution_count": 26,
   "metadata": {},
   "outputs": [],
   "source": [
    "p = np.zeros([5])\n",
    "p[2] = 10.0\n",
    "k = 1.0\n",
    "\n",
    "u0 = np.append(p, k)\n",
    "params = L\n",
    "\n",
    "t = np.linspace(0,1,100)\n",
    "\n",
    "p0 = np.ones([5])\n",
    "k0 = 1\n",
    "\n",
    "u_0 = np.append(p0, k0)"
   ]
  },
  {
   "cell_type": "code",
   "execution_count": 27,
   "metadata": {},
   "outputs": [],
   "source": [
    "u = forward(f=network_diffusion,u0=u0,t=t,params=params)"
   ]
  },
  {
   "cell_type": "code",
   "execution_count": 28,
   "metadata": {},
   "outputs": [
    {
     "output_type": "execute_result",
     "data": {
      "text/plain": "array([1., 1., 1., 1., 1., 1.])"
     },
     "metadata": {},
     "execution_count": 28
    }
   ],
   "source": [
    "params, priors = initialise(init_means=u_0, priors=None)\n",
    "params[0]"
   ]
  },
  {
   "cell_type": "code",
   "execution_count": 29,
   "metadata": {
    "tags": [
     "outputPrepend"
    ]
   },
   "outputs": [
    {
     "output_type": "stream",
     "name": "stdout",
     "text": "81094e-05, -1.46085690e-04,\n         2.56081094e-05,  2.56081178e-05,  1.26136749e-03]]), array([2.501]), array([7.0437103e-07]))\n(500, 6)\n(5, 100)\n(array([0.39536242, 0.74075424, 6.84521044, 0.74075506, 0.74075431,\n       0.62176636]), array([[ 7.71658199e-05,  2.94555904e-05,  2.06305498e-05,\n         2.94555971e-05,  2.94556005e-05,  6.92613666e-05],\n       [ 2.94555904e-05,  9.25839165e-05,  2.94556038e-05,\n         1.73340554e-05,  1.73340554e-05,  2.56081022e-05],\n       [ 2.06305498e-05,  2.94556038e-05,  7.71658468e-05,\n         2.94555971e-05,  2.94556005e-05, -1.46085619e-04],\n       [ 2.94555971e-05,  1.73340554e-05,  2.94555971e-05,\n         7.78157335e-05,  3.21022249e-05,  2.56080871e-05],\n       [ 2.94556005e-05,  1.73340554e-05,  2.94556005e-05,\n         3.21022249e-05,  7.78157335e-05,  2.56080921e-05],\n       [ 6.92613666e-05,  2.56081022e-05, -1.46085619e-04,\n         2.56080871e-05,  2.56080921e-05,  1.26136715e-03]]), array([2.501]), array([7.04371026e-07]))\n(500, 6)\n(5, 100)\n(array([0.39536291, 0.74075406, 6.84521069, 0.74075446, 0.74075439,\n       0.62176657]), array([[ 7.71658262e-05,  2.94555868e-05,  2.06305396e-05,\n         2.94555969e-05,  2.94556003e-05,  6.92613997e-05],\n       [ 2.94555868e-05,  9.25839160e-05,  2.94556036e-05,\n         1.73340486e-05,  1.73340486e-05,  2.56081155e-05],\n       [ 2.06305396e-05,  2.94556036e-05,  7.71658598e-05,\n         2.94555969e-05,  2.94555969e-05, -1.46085713e-04],\n       [ 2.94555969e-05,  1.73340486e-05,  2.94555969e-05,\n         7.78157465e-05,  3.21022247e-05,  2.56081037e-05],\n       [ 2.94556003e-05,  1.73340486e-05,  2.94555969e-05,\n         3.21022247e-05,  7.78157398e-05,  2.56081306e-05],\n       [ 6.92613997e-05,  2.56081155e-05, -1.46085713e-04,\n         2.56081037e-05,  2.56081306e-05,  1.26136789e-03]]), array([2.501]), array([7.04371009e-07]))\n(500, 6)\n(5, 100)\n(array([0.39536296, 0.74075384, 6.84521105, 0.74075451, 0.74075447,\n       0.62176655]), array([[ 7.71658179e-05,  2.94555861e-05,  2.06305475e-05,\n         2.94555962e-05,  2.94555996e-05,  6.92613241e-05],\n       [ 2.94555861e-05,  9.25839140e-05,  2.94556029e-05,\n         1.73340549e-05,  1.73340532e-05,  2.56081081e-05],\n       [ 2.06305475e-05,  2.94556029e-05,  7.71658448e-05,\n         2.94555962e-05,  2.94555962e-05, -1.46085628e-04],\n       [ 2.94555962e-05,  1.73340549e-05,  2.94555962e-05,\n         7.78157315e-05,  3.21022240e-05,  2.56080997e-05],\n       [ 2.94555996e-05,  1.73340532e-05,  2.94555962e-05,\n         3.21022240e-05,  7.78157315e-05,  2.56081031e-05],\n       [ 6.92613241e-05,  2.56081081e-05, -1.46085628e-04,\n         2.56080997e-05,  2.56081031e-05,  1.26136700e-03]]), array([2.501]), array([7.04371013e-07]))\n(500, 6)\n(5, 100)\n(array([0.39536236, 0.74075437, 6.84521054, 0.74075473, 0.74075474,\n       0.6217664 ]), array([[ 7.71658182e-05,  2.94555863e-05,  2.06305493e-05,\n         2.94555964e-05,  2.94555997e-05,  6.92613514e-05],\n       [ 2.94555863e-05,  9.25839077e-05,  2.94556031e-05,\n         1.73340533e-05,  1.73340516e-05,  2.56081049e-05],\n       [ 2.06305493e-05,  2.94556031e-05,  7.71658451e-05,\n         2.94555964e-05,  2.94555964e-05, -1.46085643e-04],\n       [ 2.94555964e-05,  1.73340533e-05,  2.94555964e-05,\n         7.78157318e-05,  3.21022208e-05,  2.56081066e-05],\n       [ 2.94555997e-05,  1.73340516e-05,  2.94555964e-05,\n         3.21022208e-05,  7.78157318e-05,  2.56081066e-05],\n       [ 6.92613514e-05,  2.56081049e-05, -1.46085643e-04,\n         2.56081066e-05,  2.56081066e-05,  1.26136744e-03]]), array([2.501]), array([7.04371014e-07]))\n(500, 6)\n(5, 100)\n(array([0.39536217, 0.74075416, 6.84521087, 0.74075464, 0.74075443,\n       0.62176667]), array([[ 7.71658184e-05,  2.94555863e-05,  2.06305459e-05,\n         2.94555964e-05,  2.94555998e-05,  6.92613986e-05],\n       [ 2.94555863e-05,  9.25839146e-05,  2.94556031e-05,\n         1.73340517e-05,  1.73340483e-05,  2.56081083e-05],\n       [ 2.06305459e-05,  2.94556031e-05,  7.71658587e-05,\n         2.94555964e-05,  2.94555964e-05, -1.46085710e-04],\n       [ 2.94555964e-05,  1.73340517e-05,  2.94555964e-05,\n         7.78157387e-05,  3.21022242e-05,  2.56081134e-05],\n       [ 2.94555998e-05,  1.73340483e-05,  2.94555964e-05,\n         3.21022242e-05,  7.78157454e-05,  2.56081184e-05],\n       [ 6.92613986e-05,  2.56081083e-05, -1.46085710e-04,\n         2.56081134e-05,  2.56081184e-05,  1.26136776e-03]]), array([2.501]), array([7.04371007e-07]))\n(500, 6)\n(5, 100)\n(array([0.39536232, 0.74075453, 6.84520996, 0.74075496, 0.74075472,\n       0.62176641]), array([[ 7.71658177e-05,  2.94555894e-05,  2.06305508e-05,\n         2.94555995e-05,  2.94556028e-05,  6.92613508e-05],\n       [ 2.94555894e-05,  9.25839070e-05,  2.94556028e-05,\n         1.73340548e-05,  1.73340548e-05,  2.56080845e-05],\n       [ 2.06305508e-05,  2.94556028e-05,  7.71658446e-05,\n         2.94555995e-05,  2.94555995e-05, -1.46085601e-04],\n       [ 2.94555995e-05,  1.73340548e-05,  2.94555995e-05,\n         7.78157178e-05,  3.21022239e-05,  2.56080761e-05],\n       [ 2.94556028e-05,  1.73340548e-05,  2.94555995e-05,\n         3.21022239e-05,  7.78157245e-05,  2.56080845e-05],\n       [ 6.92613508e-05,  2.56080845e-05, -1.46085601e-04,\n         2.56080761e-05,  2.56080845e-05,  1.26136678e-03]]), array([2.501]), array([7.04371024e-07]))\n(500, 6)\n(5, 100)\n(array([0.3953624 , 0.74075449, 6.84520983, 0.7407547 , 0.74075487,\n       0.62176642]), array([[ 7.71658193e-05,  2.94555868e-05,  2.06305462e-05,\n         2.94555969e-05,  2.94556002e-05,  6.92613928e-05],\n       [ 2.94555868e-05,  9.25839158e-05,  2.94556036e-05,\n         1.73340519e-05,  1.73340502e-05,  2.56080919e-05],\n       [ 2.06305462e-05,  2.94556036e-05,  7.71658597e-05,\n         2.94555969e-05,  2.94555969e-05, -1.46085672e-04],\n       [ 2.94555969e-05,  1.73340519e-05,  2.94555969e-05,\n         7.78157397e-05,  3.21022247e-05,  2.56081037e-05],\n       [ 2.94556002e-05,  1.73340502e-05,  2.94555969e-05,\n         3.21022247e-05,  7.78157397e-05,  2.56081121e-05],\n       [ 6.92613928e-05,  2.56080919e-05, -1.46085672e-04,\n         2.56081037e-05,  2.56081121e-05,  1.26136746e-03]]), array([2.501]), array([7.04371008e-07]))\n(500, 6)\n(5, 100)\n(array([0.39536259, 0.74075443, 6.84520982, 0.74075485, 0.74075466,\n       0.62176639]), array([[ 7.71658178e-05,  2.94555861e-05,  2.06305458e-05,\n         2.94555962e-05,  2.94555995e-05,  6.92613845e-05],\n       [ 2.94555861e-05,  9.25839139e-05,  2.94556029e-05,\n         1.73340515e-05,  1.73340498e-05,  2.56080947e-05],\n       [ 2.06305458e-05,  2.94556029e-05,  7.71658581e-05,\n         2.94555962e-05,  2.94555962e-05, -1.46085669e-04],\n       [ 2.94555962e-05,  1.73340515e-05,  2.94555962e-05,\n         7.78157381e-05,  3.21022239e-05,  2.56081081e-05],\n       [ 2.94555995e-05,  1.73340498e-05,  2.94555962e-05,\n         3.21022239e-05,  7.78157448e-05,  2.56081064e-05],\n       [ 6.92613845e-05,  2.56080947e-05, -1.46085669e-04,\n         2.56081081e-05,  2.56081064e-05,  1.26136743e-03]]), array([2.501]), array([7.0437099e-07]))\n(500, 6)\n(5, 100)\n(array([0.39536288, 0.74075409, 6.84521022, 0.74075458, 0.74075485,\n       0.62176652]), array([[ 7.71658161e-05,  2.94555887e-05,  2.06305385e-05,\n         2.94555954e-05,  2.94555954e-05,  6.92613828e-05],\n       [ 2.94555887e-05,  9.25839118e-05,  2.94556022e-05,\n         1.73340494e-05,  1.73340477e-05,  2.56081108e-05],\n       [ 2.06305385e-05,  2.94556022e-05,  7.71658565e-05,\n         2.94555954e-05,  2.94555921e-05, -1.46085678e-04],\n       [ 2.94555954e-05,  1.73340494e-05,  2.94555954e-05,\n         7.78157364e-05,  3.21022198e-05,  2.56081024e-05],\n       [ 2.94555954e-05,  1.73340477e-05,  2.94555921e-05,\n         3.21022198e-05,  7.78157364e-05,  2.56081159e-05],\n       [ 6.92613828e-05,  2.56081108e-05, -1.46085678e-04,\n         2.56081024e-05,  2.56081159e-05,  1.26136740e-03]]), array([2.501]), array([7.04370982e-07]))\n(500, 6)\n(5, 100)\n(array([0.39536283, 0.7407543 , 6.84521011, 0.74075469, 0.74075469,\n       0.62176644]), array([[ 7.71658086e-05,  2.94555850e-05,  2.06305450e-05,\n         2.94555951e-05,  2.94555985e-05,  6.92613484e-05],\n       [ 2.94555850e-05,  9.25839041e-05,  2.94556018e-05,\n         1.73340542e-05,  1.73340525e-05,  2.56081038e-05],\n       [ 2.06305450e-05,  2.94556018e-05,  7.71658489e-05,\n         2.94555951e-05,  2.94555951e-05, -1.46085636e-04],\n       [ 2.94555951e-05,  1.73340542e-05,  2.94555951e-05,\n         7.78157289e-05,  3.21022227e-05,  2.56080971e-05],\n       [ 2.94555985e-05,  1.73340525e-05,  2.94555951e-05,\n         3.21022227e-05,  7.78157289e-05,  2.56080920e-05],\n       [ 6.92613484e-05,  2.56081038e-05, -1.46085636e-04,\n         2.56080971e-05,  2.56080920e-05,  1.26136706e-03]]), array([2.501]), array([7.04370989e-07]))\n(500, 6)\n(5, 100)\n(array([0.39536249, 0.74075458, 6.84520976, 0.74075483, 0.74075485,\n       0.62176647]), array([[ 7.71658160e-05,  2.94555886e-05,  2.06305435e-05,\n         2.94555954e-05,  2.94555987e-05,  6.92613625e-05],\n       [ 2.94555886e-05,  9.25839049e-05,  2.94556021e-05,\n         1.73340510e-05,  1.73340477e-05,  2.56080940e-05],\n       [ 2.06305435e-05,  2.94556021e-05,  7.71658563e-05,\n         2.94555954e-05,  2.94555954e-05, -1.46085664e-04],\n       [ 2.94555954e-05,  1.73340510e-05,  2.94555954e-05,\n         7.78157362e-05,  3.21022197e-05,  2.56081024e-05],\n       [ 2.94555987e-05,  1.73340477e-05,  2.94555954e-05,\n         3.21022197e-05,  7.78157295e-05,  2.56081074e-05],\n       [ 6.92613625e-05,  2.56080940e-05, -1.46085664e-04,\n         2.56081024e-05,  2.56081074e-05,  1.26136729e-03]]), array([2.501]), array([7.04370985e-07]))\n(500, 6)\n(5, 100)\n(array([0.39536268, 0.74075446, 6.84521003, 0.7407548 , 0.7407547 ,\n       0.62176636]), array([[ 7.71658089e-05,  2.94555851e-05,  2.06305451e-05,\n         2.94555952e-05,  2.94555986e-05,  6.92613755e-05],\n       [ 2.94555851e-05,  9.25839044e-05,  2.94556019e-05,\n         1.73340509e-05,  1.73340509e-05,  2.56080871e-05],\n       [ 2.06305451e-05,  2.94556019e-05,  7.71658492e-05,\n         2.94555952e-05,  2.94555952e-05, -1.46085637e-04],\n       [ 2.94555952e-05,  1.73340509e-05,  2.94555952e-05,\n         7.78157359e-05,  3.21022195e-05,  2.56080972e-05],\n       [ 2.94555986e-05,  1.73340509e-05,  2.94555952e-05,\n         3.21022195e-05,  7.78157359e-05,  2.56080972e-05],\n       [ 6.92613755e-05,  2.56080871e-05, -1.46085637e-04,\n         2.56080972e-05,  2.56080972e-05,  1.26136717e-03]]), array([2.501]), array([7.04370982e-07]))\n(500, 6)\n(5, 100)\n(array([0.39536236, 0.74075404, 6.8452114 , 0.74075441, 0.74075427,\n       0.62176681]), array([[ 7.71658220e-05,  2.94555850e-05,  2.06305433e-05,\n         2.94555951e-05,  2.94555951e-05,  6.92613752e-05],\n       [ 2.94555850e-05,  9.25839108e-05,  2.94556018e-05,\n         1.73340475e-05,  1.73340475e-05,  2.56081004e-05],\n       [ 2.06305433e-05,  2.94556018e-05,  7.71658556e-05,\n         2.94555951e-05,  2.94555951e-05, -1.46085703e-04],\n       [ 2.94555951e-05,  1.73340475e-05,  2.94555951e-05,\n         7.78157356e-05,  3.21022193e-05,  2.56081139e-05],\n       [ 2.94555951e-05,  1.73340475e-05,  2.94555951e-05,\n         3.21022193e-05,  7.78157356e-05,  2.56081206e-05],\n       [ 6.92613752e-05,  2.56081004e-05, -1.46085703e-04,\n         2.56081139e-05,  2.56081206e-05,  1.26136749e-03]]), array([2.501]), array([7.04370982e-07]))\n(500, 6)\n(5, 100)\n(array([0.39536281, 0.74075394, 6.8452115 , 0.7407543 , 0.74075399,\n       0.62176657]), array([[ 7.71658019e-05,  2.94555884e-05,  2.06305517e-05,\n         2.94555985e-05,  2.94555985e-05,  6.92613148e-05],\n       [ 2.94555884e-05,  9.25839042e-05,  2.94556018e-05,\n         1.73340576e-05,  1.73340576e-05,  2.56080971e-05],\n       [ 2.06305517e-05,  2.94556018e-05,  7.71658288e-05,\n         2.94556018e-05,  2.94556018e-05, -1.46085556e-04],\n       [ 2.94555985e-05,  1.73340576e-05,  2.94556018e-05,\n         7.78157088e-05,  3.21022228e-05,  2.56080820e-05],\n       [ 2.94555985e-05,  1.73340576e-05,  2.94556018e-05,\n         3.21022228e-05,  7.78157155e-05,  2.56080921e-05],\n       [ 6.92613148e-05,  2.56080971e-05, -1.46085556e-04,\n         2.56080820e-05,  2.56080921e-05,  1.26136631e-03]]), array([2.501]), array([7.04371039e-07]))\n(500, 6)\n(5, 100)\n(array([0.39536225, 0.74075399, 6.84521173, 0.74075457, 0.7407541 ,\n       0.62176671]), array([[ 7.71658207e-05,  2.94555874e-05,  2.06305500e-05,\n         2.94555975e-05,  2.94556008e-05,  6.92613607e-05],\n       [ 2.94555874e-05,  9.25839175e-05,  2.94556042e-05,\n         1.73340556e-05,  1.73340556e-05,  2.56080958e-05],\n       [ 2.06305500e-05,  2.94556042e-05,  7.71658476e-05,\n         2.94555975e-05,  2.94556008e-05, -1.46085675e-04],\n       [ 2.94555975e-05,  1.73340556e-05,  2.94555975e-05,\n         7.78157343e-05,  3.21022253e-05,  2.56081059e-05],\n       [ 2.94556008e-05,  1.73340556e-05,  2.94556008e-05,\n         3.21022253e-05,  7.78157343e-05,  2.56081159e-05],\n       [ 6.92613607e-05,  2.56080958e-05, -1.46085675e-04,\n         2.56081059e-05,  2.56081159e-05,  1.26136759e-03]]), array([2.501]), array([7.04371044e-07]))\n(500, 6)\n(5, 100)\n(array([0.39536293, 0.7407544 , 6.84521007, 0.74075445, 0.74075447,\n       0.62176643]), array([[ 7.71658145e-05,  2.94555910e-05,  2.06305519e-05,\n         2.94556010e-05,  2.94556010e-05,  6.92613343e-05],\n       [ 2.94555910e-05,  9.25839114e-05,  2.94556044e-05,\n         1.73340558e-05,  1.73340558e-05,  2.56080926e-05],\n       [ 2.06305519e-05,  2.94556044e-05,  7.71658481e-05,\n         2.94556044e-05,  2.94556044e-05, -1.46085622e-04],\n       [ 2.94556010e-05,  1.73340558e-05,  2.94556044e-05,\n         7.78157214e-05,  3.21022256e-05,  2.56080893e-05],\n       [ 2.94556010e-05,  1.73340558e-05,  2.94556044e-05,\n         3.21022256e-05,  7.78157281e-05,  2.56080926e-05],\n       [ 6.92613343e-05,  2.56080926e-05, -1.46085622e-04,\n         2.56080893e-05,  2.56080926e-05,  1.26136706e-03]]), array([2.501]), array([7.04371064e-07]))\n(500, 6)\n(5, 100)\n(array([0.39536246, 0.74075419, 6.84521049, 0.74075468, 0.74075457,\n       0.62176657]), array([[ 7.71658232e-05,  2.94555884e-05,  2.06305474e-05,\n         2.94555985e-05,  2.94556019e-05,  6.92613699e-05],\n       [ 2.94555884e-05,  9.25839204e-05,  2.94556052e-05,\n         1.73340529e-05,  1.73340512e-05,  2.56081034e-05],\n       [ 2.06305474e-05,  2.94556052e-05,  7.71658635e-05,\n         2.94555985e-05,  2.94555985e-05, -1.46085694e-04],\n       [ 2.94555985e-05,  1.73340529e-05,  2.94555985e-05,\n         7.78157368e-05,  3.21022265e-05,  2.56081135e-05],\n       [ 2.94556019e-05,  1.73340512e-05,  2.94555985e-05,\n         3.21022265e-05,  7.78157435e-05,  2.56081236e-05],\n       [ 6.92613699e-05,  2.56081034e-05, -1.46085694e-04,\n         2.56081135e-05,  2.56081236e-05,  1.26136753e-03]]), array([2.501]), array([7.04371052e-07]))\n(500, 6)\n(5, 100)\n(array([0.39536247, 0.74075427, 6.84521052, 0.74075504, 0.74075425,\n       0.62176637]), array([[ 7.71658220e-05,  2.94555879e-05,  2.06305504e-05,\n         2.94556014e-05,  2.94556014e-05,  6.92613687e-05],\n       [ 2.94555879e-05,  9.25839190e-05,  2.94556047e-05,\n         1.73340560e-05,  1.73340543e-05,  2.56080963e-05],\n       [ 2.06305504e-05,  2.94556047e-05,  7.71658489e-05,\n         2.94555980e-05,  2.94556014e-05, -1.46085624e-04],\n       [ 2.94556014e-05,  1.73340560e-05,  2.94555980e-05,\n         7.78157356e-05,  3.21022259e-05,  2.56080912e-05],\n       [ 2.94556014e-05,  1.73340543e-05,  2.94556014e-05,\n         3.21022259e-05,  7.78157356e-05,  2.56081030e-05],\n       [ 6.92613687e-05,  2.56080963e-05, -1.46085624e-04,\n         2.56080912e-05,  2.56081030e-05,  1.26136718e-03]]), array([2.501]), array([7.04371045e-07]))\n(500, 6)\n(5, 100)\n(array([0.3953622 , 0.74075418, 6.84521076, 0.74075459, 0.74075453,\n       0.62176661]), array([[ 7.71658281e-05,  2.94555877e-05,  2.06305469e-05,\n         2.94555977e-05,  2.94556011e-05,  6.92614016e-05],\n       [ 2.94555877e-05,  9.25839183e-05,  2.94556045e-05,\n         1.73340491e-05,  1.73340491e-05,  2.56081162e-05],\n       [ 2.06305469e-05,  2.94556045e-05,  7.71658617e-05,\n         2.94555977e-05,  2.94555977e-05, -1.46085717e-04],\n       [ 2.94555977e-05,  1.73340491e-05,  2.94555977e-05,\n         7.78157484e-05,  3.21022223e-05,  2.56081078e-05],\n       [ 2.94556011e-05,  1.73340491e-05,  2.94555977e-05,\n         3.21022223e-05,  7.78157417e-05,  2.56081347e-05],\n       [ 6.92614016e-05,  2.56081162e-05, -1.46085717e-04,\n         2.56081078e-05,  2.56081347e-05,  1.26136793e-03]]), array([2.501]), array([7.04371028e-07]))\n(500, 6)\n(5, 100)\n(array([0.39536246, 0.7407541 , 6.84521059, 0.74075454, 0.74075489,\n       0.62176641]), array([[ 7.71658197e-05,  2.94555903e-05,  2.06305497e-05,\n         2.94555970e-05,  2.94556004e-05,  6.92613730e-05],\n       [ 2.94555903e-05,  9.25839162e-05,  2.94556037e-05,\n         1.73340554e-05,  1.73340554e-05,  2.56081021e-05],\n       [ 2.06305497e-05,  2.94556037e-05,  7.71658466e-05,\n         2.94556004e-05,  2.94555970e-05, -1.46085632e-04],\n       [ 2.94555970e-05,  1.73340554e-05,  2.94556004e-05,\n         7.78157266e-05,  3.21022248e-05,  2.56080870e-05],\n       [ 2.94556004e-05,  1.73340554e-05,  2.94555970e-05,\n         3.21022248e-05,  7.78157333e-05,  2.56080920e-05],\n       [ 6.92613730e-05,  2.56081021e-05, -1.46085632e-04,\n         2.56080870e-05,  2.56080920e-05,  1.26136725e-03]]), array([2.501]), array([7.0437103e-07]))\n(500, 6)\n(5, 100)\n(array([0.39536242, 0.74075414, 6.84521085, 0.74075465, 0.74075437,\n       0.62176666]), array([[ 7.71658199e-05,  2.94555870e-05,  2.06305464e-05,\n         2.94555971e-05,  2.94556005e-05,  6.92613867e-05],\n       [ 2.94555870e-05,  9.25839165e-05,  2.94556038e-05,\n         1.73340521e-05,  1.73340487e-05,  2.56081156e-05],\n       [ 2.06305464e-05,  2.94556038e-05,  7.71658603e-05,\n         2.94555971e-05,  2.94555971e-05, -1.46085713e-04],\n       [ 2.94555971e-05,  1.73340521e-05,  2.94555971e-05,\n         7.78157335e-05,  3.21022249e-05,  2.56081123e-05],\n       [ 2.94556005e-05,  1.73340487e-05,  2.94555971e-05,\n         3.21022249e-05,  7.78157470e-05,  2.56081072e-05],\n       [ 6.92613867e-05,  2.56081156e-05, -1.46085713e-04,\n         2.56081123e-05,  2.56081072e-05,  1.26136779e-03]]), array([2.501]), array([7.04371022e-07]))\n(500, 6)\n(5, 100)\n(array([0.39536246, 0.74075444, 6.84520988, 0.74075465, 0.74075493,\n       0.62176634]), array([[ 7.71658192e-05,  2.94555901e-05,  2.06305512e-05,\n         2.94556035e-05,  2.94556035e-05,  6.92613456e-05],\n       [ 2.94555901e-05,  9.25839089e-05,  2.94556035e-05,\n         1.73340569e-05,  1.73340552e-05,  2.56080986e-05],\n       [ 2.06305512e-05,  2.94556035e-05,  7.71658461e-05,\n         2.94556001e-05,  2.94556001e-05, -1.46085604e-04],\n       [ 2.94556035e-05,  1.73340569e-05,  2.94556001e-05,\n         7.78157261e-05,  3.21022246e-05,  2.56080885e-05],\n       [ 2.94556035e-05,  1.73340552e-05,  2.94556001e-05,\n         3.21022246e-05,  7.78157261e-05,  2.56080834e-05],\n       [ 6.92613456e-05,  2.56080986e-05, -1.46085604e-04,\n         2.56080885e-05,  2.56080834e-05,  1.26136692e-03]]), array([2.501]), array([7.04371033e-07]))\n(500, 6)\n(5, 100)\n(array([0.39536226, 0.74075399, 6.84521136, 0.74075449, 0.74075436,\n       0.62176675]), array([[ 7.71658269e-05,  2.94555871e-05,  2.06305448e-05,\n         2.94555972e-05,  2.94555972e-05,  6.92614004e-05],\n       [ 2.94555871e-05,  9.25839168e-05,  2.94556039e-05,\n         1.73340504e-05,  1.73340488e-05,  2.56081157e-05],\n       [ 2.06305448e-05,  2.94556039e-05,  7.71658605e-05,\n         2.94555972e-05,  2.94555972e-05, -1.46085714e-04],\n       [ 2.94555972e-05,  1.73340504e-05,  2.94555972e-05,\n         7.78157338e-05,  3.21022217e-05,  2.56081174e-05],\n       [ 2.94555972e-05,  1.73340488e-05,  2.94555972e-05,\n         3.21022217e-05,  7.78157405e-05,  2.56081191e-05],\n       [ 6.92614004e-05,  2.56081157e-05, -1.46085714e-04,\n         2.56081174e-05,  2.56081191e-05,  1.26136769e-03]]), array([2.501]), array([7.04371029e-07]))\n"
    }
   ],
   "source": [
    "fi = fit(f=forward, data=u, params=params, priors=priors, t=t, n=500)"
   ]
  },
  {
   "cell_type": "code",
   "execution_count": 25,
   "metadata": {},
   "outputs": [
    {
     "output_type": "execute_result",
     "data": {
      "text/plain": "((array([0.39536245, 0.74075389, 6.84521107, 0.74075485, 0.74075423,\n         0.62176671]),\n  array([[ 7.71658288e-05,  2.94555880e-05,  2.06305404e-05,\n           2.94556014e-05,  2.94556014e-05,  6.92613956e-05],\n         [ 2.94555880e-05,  9.25839258e-05,  2.94556048e-05,\n           1.73340492e-05,  1.73340459e-05,  2.56081265e-05],\n         [ 2.06305404e-05,  2.94556048e-05,  7.71658691e-05,\n           2.94555947e-05,  2.94555980e-05, -1.46085745e-04],\n         [ 2.94556014e-05,  1.73340492e-05,  2.94555947e-05,\n           7.78157357e-05,  3.21022226e-05,  2.56081248e-05],\n         [ 2.94556014e-05,  1.73340459e-05,  2.94555980e-05,\n           3.21022226e-05,  7.78157424e-05,  2.56081232e-05],\n         [ 6.92613956e-05,  2.56081265e-05, -1.46085745e-04,\n           2.56081248e-05,  2.56081232e-05,  1.26136794e-03]]),\n  array([2.501]),\n  array([7.04371038e-07])),\n array([[0.39536266, 0.74075422, 6.84521053, 0.74075462, 0.74075448,\n         0.6217666 ],\n        [0.39536285, 0.74075422, 6.84521064, 0.74075458, 0.74075434,\n         0.62176642],\n        [0.39536275, 0.74075418, 6.84521053, 0.74075454, 0.74075453,\n         0.62176658],\n        ...,\n        [0.39536288, 0.74075417, 6.84521032, 0.74075496, 0.74075439,\n         0.62176636],\n        [0.39536233, 0.7407539 , 6.84521138, 0.74075478, 0.74075424,\n         0.62176674],\n        [0.39536293, 0.74075451, 6.84520933, 0.74075461, 0.74075497,\n         0.62176626]]))"
     },
     "metadata": {},
     "execution_count": 25
    }
   ],
   "source": [
    "fi"
   ]
  },
  {
   "cell_type": "code",
   "execution_count": null,
   "metadata": {},
   "outputs": [],
   "source": []
  }
 ]
}